__attribute__((aligned(16))) float h1[] = {
    -0.000000000, 0.000000338, 0.000000239, -0.000002114, -0.000007703,
    -0.000015635, -0.000022844, -0.000024817, -0.000017238, 0.000001974,
    0.000030983, 0.000063469, 0.000089643, 0.000098804, 0.000082832,
    0.000039557, -0.000025195, -0.000097819, -0.000159741, -0.000192309,
    -0.000182489, -0.000127619, -0.000037515, 0.000067096, 0.000159805,
    0.000216157, 0.000221435, 0.000176023, 0.000096208, 0.000009571,
    -0.000054137, -0.000074005, -0.000047174, 0.000007431, 0.000053210,
    0.000047826, -0.000039863, -0.000213039, -0.000436562, -0.000638303,
    -0.000724593, -0.000607871, -0.000240050, 0.000358275, 0.001083518,
    0.001758029, 0.002164966, 0.002104314, 0.001457563, 0.000243365,
    -0.001354498, -0.003000950, -0.004269846, -0.004742530, -0.004124120,
    -0.002348167, 0.000361565, 0.003496751, 0.006347538, 0.008153208,
    0.008290791, 0.006457196, 0.002795722, -0.002074312, -0.007145994,
    -0.011224195, -0.013198812, -0.012331008, -0.008480967, -0.002212567,
    0.005265237, 0.012323104, 0.017262993, 0.018721750, 0.016031355,
    0.009442725, 0.000145999, -0.009934755, -0.018540254, -0.023585704,
    -0.023665680, -0.018431501, -0.008741541, 0.003465931, 0.015563197,
    0.024807948, 0.028974835, 0.026895980, 0.018777740, 0.006209074,
    -0.008152642, -0.021155833, -0.029862311, -0.032225838, -0.027581647,
    -0.016827763, -0.002249309, 0.012979569, 0.025504907, 0.032550865,
    0.032550865, 0.025504907, 0.012979569, -0.002249309, -0.016827763,
    -0.027581647, -0.032225838, -0.029862311, -0.021155833, -0.008152642,
    0.006209074, 0.018777740, 0.026895980, 0.028974835, 0.024807948,
    0.015563197, 0.003465931, -0.008741541, -0.018431501, -0.023665680,
    -0.023585704, -0.018540254, -0.009934755, 0.000145999, 0.009442725,
    0.016031355, 0.018721750, 0.017262993, 0.012323104, 0.005265237,
    -0.002212567, -0.008480967, -0.012331008, -0.013198812, -0.011224195,
    -0.007145994, -0.002074312, 0.002795722, 0.006457196, 0.008290791,
    0.008153208, 0.006347538, 0.003496751, 0.000361565, -0.002348167,
    -0.004124120, -0.004742530, -0.004269846, -0.003000950, -0.001354498,
    0.000243365, 0.001457563, 0.002104314, 0.002164966, 0.001758029,
    0.001083518, 0.000358275, -0.000240050, -0.000607871, -0.000724593,
    -0.000638303, -0.000436562, -0.000213039, -0.000039863, 0.000047826,
    0.000053210, 0.000007431, -0.000047174, -0.000074005, -0.000054137,
    0.000009571, 0.000096208, 0.000176023, 0.000221435, 0.000216157,
    0.000159805, 0.000067096, -0.000037515, -0.000127619, -0.000182489,
    -0.000192309, -0.000159741, -0.000097819, -0.000025195, 0.000039557,
    0.000082832, 0.000098804, 0.000089643, 0.000063469, 0.000030983,
    0.000001974, -0.000017238, -0.000024817, -0.000022844, -0.000015635,
    -0.000007703, -0.000002114, 0.000000239, 0.000000338, -0.000000000
};

__attribute__((aligned(16))) float h2[] = {
    -0.000000000, 0.000000457, 0.000000199, -0.000003492, -0.000010138,
    -0.000014008, -0.000007327, 0.000012554, 0.000037477, 0.000050081,
    0.000034019, -0.000012633, -0.000070326, -0.000104682, -0.000085873,
    -0.000010222, 0.000090534, 0.000161485, 0.000154595, 0.000060110,
    -0.000080991, -0.000194593, -0.000214186, -0.000121714, 0.000037469,
    0.000177750, 0.000223091, 0.000153472, 0.000017340, -0.000100347,
    -0.000135381, -0.000088334, -0.000022430, -0.000012416, -0.000078068,
    -0.000153263, -0.000123552, 0.000081486, 0.000401477, 0.000636403,
    0.000548466, 0.000033040, -0.000746974, -0.001373982, -0.001373903,
    -0.000519070, 0.000939675, 0.002287659, 0.002666692, 0.001574987,
    -0.000726648, -0.003181515, -0.004385495, -0.003350137, -0.000183087,
    0.003743237, 0.006339278, 0.005875204, 0.002049056, -0.003583002,
    -0.008176111, -0.009001986, -0.005012793, 0.002310359, 0.009416071,
    0.012374862, 0.009016189, 0.000363189, -0.009531269, -0.015451918,
    -0.013750923, -0.004519760, 0.008061670, 0.017582304, 0.018661573,
    0.009958729, -0.004741721, -0.018130474, -0.023013320, -0.016175852,
    -0.000395365, 0.016622143, 0.026017908, 0.022413799, 0.006967921,
    -0.012876308, -0.026993668, -0.027781800, -0.014272020, 0.007086665,
    0.025522454, 0.031422341, 0.021386194, 0.000174402, -0.021563108,
    -0.032687563, -0.027336009, -0.008037496, 0.015489279, 0.031282176,
    0.031282176, 0.015489279, -0.008037496, -0.027336009, -0.032687563,
    -0.021563108, 0.000174402, 0.021386194, 0.031422341, 0.025522454,
    0.007086665, -0.014272020, -0.027781800, -0.026993668, -0.012876308,
    0.006967921, 0.022413799, 0.026017908, 0.016622143, -0.000395365,
    -0.016175852, -0.023013320, -0.018130474, -0.004741721, 0.009958729,
    0.018661573, 0.017582304, 0.008061670, -0.004519760, -0.013750923,
    -0.015451918, -0.009531269, 0.000363189, 0.009016189, 0.012374862,
    0.009416071, 0.002310359, -0.005012793, -0.009001986, -0.008176111,
    -0.003583002, 0.002049056, 0.005875204, 0.006339278, 0.003743237,
    -0.000183087, -0.003350137, -0.004385495, -0.003181515, -0.000726648,
    0.001574987, 0.002666692, 0.002287659, 0.000939675, -0.000519070,
    -0.001373903, -0.001373982, -0.000746974, 0.000033040, 0.000548466,
    0.000636403, 0.000401477, 0.000081486, -0.000123552, -0.000153263,
    -0.000078068, -0.000012416, -0.000022430, -0.000088334, -0.000135381,
    -0.000100347, 0.000017340, 0.000153472, 0.000223091, 0.000177750,
    0.000037469, -0.000121714, -0.000214186, -0.000194593, -0.000080991,
    0.000060110, 0.000154595, 0.000161485, 0.000090534, -0.000010222,
    -0.000085873, -0.000104682, -0.000070326, -0.000012633, 0.000034019,
    0.000050081, 0.000037477, 0.000012554, -0.000007327, -0.000014008,
    -0.000010138, -0.000003492, 0.000000199, 0.000000457, -0.000000000
};

__attribute__((aligned(16))) float h3[] = {
    -0.000000000, 0.000000550, 0.000000160, -0.000004615, -0.000009787,
    -0.000004105, 0.000015539, 0.000031506, 0.000018006, -0.000026565,
    -0.000064006, -0.000046103, 0.000030196, 0.000101660, 0.000088819,
    -0.000019656, -0.000135497, -0.000141265, -0.000008513, 0.000154903,
    0.000192525, 0.000051594, -0.000150559, -0.000226257, -0.000098127,
    0.000118484, 0.000223082, 0.000126445, -0.000064693, -0.000165012,
    -0.000105183, 0.000009546, 0.000041731, -0.000003454, 0.000009400,
    0.000142009, 0.000237274, 0.000062581, -0.000359215, -0.000624775,
    -0.000293362, 0.000555436, 0.001173937, 0.000755317, -0.000647442,
    -0.001860943, -0.001512329, 0.000527420, 0.002621240, 0.002603757,
    -0.000073603, -0.003345525, -0.004027727, -0.000832880, 0.003882928,
    0.005726856, 0.002286501, -0.004052724, -0.007579805, -0.004334057,
    0.003664542, 0.009401678, 0.006953498, -0.002545347, -0.010955188,
    -0.010039123, 0.000569838, 0.011972890, 0.013397017, 0.002310314,
    -0.012188726, -0.016753416, -0.006043572, 0.011375250, 0.019776765,
    0.010466792, -0.009381262, -0.022111954, -0.015308174, 0.006163882,
    0.023422910, 0.020206358, -0.001809273, -0.023437877, -0.024744570,
    -0.003462449, 0.021990663, 0.028496085, 0.009310403, -0.019051224,
    -0.031075116, -0.015303742, 0.014740168, 0.032185949, 0.020966683,
    -0.009323993, -0.031662961, -0.025831958, 0.003190797, 0.029495271,
    0.029495271, 0.003190797, -0.025831958, -0.031662961, -0.009323993,
    0.020966683, 0.032185949, 0.014740168, -0.015303742, -0.031075116,
    -0.019051224, 0.009310403, 0.028496085, 0.021990663, -0.003462449,
    -0.024744570, -0.023437877, -0.001809273, 0.020206358, 0.023422910,
    0.006163882, -0.015308174, -0.022111954, -0.009381262, 0.010466792,
    0.019776765, 0.011375250, -0.006043572, -0.016753416, -0.012188726,
    0.002310314, 0.013397017, 0.011972890, 0.000569838, -0.010039123,
    -0.010955188, -0.002545347, 0.006953498, 0.009401678, 0.003664542,
    -0.004334057, -0.007579805, -0.004052724, 0.002286501, 0.005726856,
    0.003882928, -0.000832880, -0.004027727, -0.003345525, -0.000073603,
    0.002603757, 0.002621240, 0.000527420, -0.001512329, -0.001860943,
    -0.000647442, 0.000755317, 0.001173937, 0.000555436, -0.000293362,
    -0.000624775, -0.000359215, 0.000062581, 0.000237274, 0.000142009,
    0.000009400, -0.000003454, 0.000041731, 0.000009546, -0.000105183,
    -0.000165012, -0.000064693, 0.000126445, 0.000223082, 0.000118484,
    -0.000098127, -0.000226257, -0.000150559, 0.000051594, 0.000192525,
    0.000154903, -0.000008513, -0.000141265, -0.000135497, -0.000019656,
    0.000088819, 0.000101660, 0.000030196, -0.000046103, -0.000064006,
    -0.000026565, 0.000018006, 0.000031506, 0.000015539, -0.000004105,
    -0.000009787, -0.000004615, 0.000000160, 0.000000550, -0.000000000
};
